Symbol, Owned, Initial Ratios, Current Ratios
AIG,  y, [1.037, 5.764, -2.39, 62.53], [0.68, 4.073, -4.414, 59.18]
ALL, y, [0.333, 1.576, 1.572, 24.5], [1.317, 0.986, 2.594, 24.34]
AMG, y, [1.578, 1.462, -0.142, 56.66], [1.31, 0.87, -0.047, 63.85]
AMP, y, [2.786, 3.256, 2.708, 85.48], [1.706, 3.038, 0.643, 96.72]
ANTM, y, [1.465, 1.586, 1.559, 68.49], [1.08, 1.133, 0.947, 67.37]
APTV, y, [1.021, 4.523, -1.733, 63.63], [0.717, 2.748, -0.984, 58.56]
ATGE, y, [1.769, 1.163, 3.304, 39.35], [1.697, 0.728, 4.044, 39.75]
BKR, y, [1.331, 2.822, -0.09, 43.84], [1.225, 2.535, -1, 44.58]
CI, y, [1.474, 1.397, 0.891, 78.4], [1.035, 1.024, 0.668, 76.11]
CNC, n, [1.125, 1.401, 0.502, 70.81], [0.99, 0.88, 0.648, 69.8]
CNS, y, [1.233, 1.643, 0.777, 14.7], [0.859, 1.16, 0.581, 13.4]
CXO, y, [4.119, 2.45, -1.0, 49.96], [4.111, 2.842, -1, 49.52]
DHI, y, [1.494, 1.526, 2.139, 38.6], [1.608, 1.749, 1.866, 35.34]
DQ, y, [3.526, 3.233, 3.961, 41.95], [3.328, 2.025, 2.439, 41.95]
ENIA, y, [1.529, 2.026, -1.627, 64.75], [1.134, 1.545, -1.476, 63.73]
EV,  n, [1.075, 1.153, 0.578, 63.51], [0.688, 0.711, 0.321, 63.51]
EVR, y, [1.084, 2.55, -1.094, 64.19], [1.222, 2.244, -0.142, 61.33]
FHI, y, [1.742, 1.173, 2.096, 16.08], [1.349, 0.922, 2.12, 15.49]
HUM, y, [1.088, 1.232, 1.109, 56.13], [1.093, 1.208, 1.306, 50.72]
LEN, y, [1.323, 1.064, 1.969, 41.55], [1.474, 1.33, 2.014, 47.1]
LHX, n, [3.522, 3.621, 2.265, 34.01], [0.437, 0.463, 0.31, 35.76]
LXFR, y, [1.57, 5.318, -0.614, 59.72], [0.774, 1.637, -0.374, 49.35]
MOS, y, [2.757, 8.451, -1.0, 62.22], [3.223, 7.675, -1, 57.19]
MRK, y, [2.071, 1.925, 2.014, 98.19], [2.071, 1.925, 1.583, 98.19]
MXL, y, [1.049, 5.68, -1.0, 54.5], [1.029, 3.328, -1, 99.76]
NEM, y, [1.617, 3.455, 4.543, 29.62], [0.992, 2.859, 2.591, 28.73]
NVO, y, [1.81, 1.846, 1.82, 6.9], [1.878, 1.836, 1.739, 6.89]
NVR, y, [1.53, 1.809, 0.877, 48.76], [-1, 2.057, 0.938, 54.6]
OC, y, [1.142, 1.443, -0.039, 98.17], [1.098, 1.365, 0.579, 83.53]
PE, y, [1.141, 1.777, 1.479, 78.14], [2.515, 3.806, 1.765, 74.82]
PFE, n, [1.181, 1.55, 0.774, 98.53], [0.645, 0.549, 0.227, 96.42]
PHM, y, [1.568, 1.972, 1.657, 53.47], [-1, 2.687, 2.912, 50.08]
RHI, y, [1.135, 1.511, -0.173, 24.27], [0.847, 1.141, -0.199, 25.12]
SNX, y, [1.263, 2.053, -0.232, 92.43], [1.04, 1.211, 0.163, 87.37]
SPXC, y, [1.208, 1.1, 0.575, 93.81], [1.053, 0.935, 0.571, 79.56]
SQM, n, [1.044, 1.481, 0.031, 92.72], [0.638, 0.95, -0.062, 92.72]
TSN, y, [1.064, 1.577, 0.18, 83.78], [1.113, 1.224, 0.591, 76.09]
UNH, y, [1.25, 1.239, 1.131, 67.38], [1.048, 0.977, 0.957, 62.61]
